Phone
+251937343360
+251949787999
+251929124040
+251912477402
+251920219356
+251987707858
+251972758888
+251934161616
+25193416161616
+251910065177
+251975933333
+251911604343
+251911562161
+251913665656
+251973397778
+251990262599
+251943296965
+251913937219
+251912643894
+251910453065
+251952408091
+251911920568
+251912191875
+251988111117
+251988111115
+251981973697
+251986010484
+251920009188
+251961607813
+251911114394
+251922349015
+251918703585
+251949812044
+251904000004
+251936073636
+251927249999
+251990480109
+251999194849
+251919823683
+251911641586
+251926636653
+251911442313
+251974907607
+251921215059
+251969945933
+251906087855
+251994131333
+251938386001
+251923390420
+251934103500
+251941229826
+251983032424
+251943396613
+251934506232
+251976712098
+251920503780
+251920736055
+251913118858
+251981973137
+251900725622
+251925252590
+251969474040
+251942149793
+251944250044
+251992170702
+251910666025
+251938938063
+251928818881
+251923710752
+251911190511
+251900016616
+251911863680
+251912844072
+251923344481
+251940182716
+251992002955
+251927611481
+251929116213
+251955930336
+251961812151
+251911462902
+251920817252
+251930000158
+25147384201
+251908080285
+251973050562
+251973056262
+251911725437
+251941602260
+251912192529
+251966656466
+251909404086
+251911581773
+251921546388
+251912848879
+251918853122
+251955061611
+251962054500
+251911801864
+251912685747
+251955214131
+251984140015
+251913953476
+251945485769
+251953440453
+251961845926
+251911317588
+251924480784
+251901943446
+251943213074
+251937404743
+251913001494
+251945258238
+251922345865
+251931291919
+251931299919
+251941469393
+25191816009
+251969807080
+251988877390
+251906856448
+251962689412
+251963689412
+251939655451
+251989827258
+251940464643
+251919294332
+251935711723
+251974305777
+251913570974
+251931211210
+251985517060
+251911098192
+251910663259
+251979471247
+251911860800
+251947383237
+251911902453
+251916347425
+251911034525
+251997270274
+251911890003
+251912936772
+251909405931
+251923980706
+251912456040
+251938069799
+251923236020
+2519123456721
+251921796884
+251951626787
+251912345670
+251963101010
+251911029798
+251912345684
+251912345673
+251912042709
+251938050530
+251933733768
+251937609277
+251947307018
+251965565741
+251989323287
+251910039240
+251911381205
+251990277777
+251910366789
+251913186030
+251961337777
+251910181847
+251973128569